1.000000 1.009542
2.000000 1.004289
3.000000 1.000984
4.000000 1.006167
5.000000 1.001158
7.000000 0.997800
8.000000 1.006237
9.000000 1.003476
10.000000 0.995313
11.000000 1.002070
1.000000 1.005562
9.000000 1.001894
6.000000 1.004421
11.000000 1.005948
1.000000 1.003055
2.000000 0.997440
3.000000 1.002515
4.000000 1.002782
5.000000 0.998799
6.000000 1.000885
7.000000 1.002645
8.000000 1.001889
9.000000 1.001187
10.000000 0.996157
11.000000 1.001949
12.000000 1.007010
13.000000 0.993055
14.000000 1.003713
15.000000 0.999852
16.000000 1.006958
14.000000 1.004835
1.000000 0.994377
2.000000 1.009212
3.000000 1.012549
5.000000 1.000047
6.000000 1.005486
7.000000 1.002376
8.000000 1.001612
9.000000 1.001938
10.000000 1.010938
11.000000 0.995570
12.000000 0.995784
13.000000 1.002043
14.000000 1.001041
15.000000 0.999519
10.000000 1.001796
1.000000 1.003597
2.000000 1.003398
3.000000 1.008547
4.000000 1.003888
5.000000 1.004835
6.000000 1.001837
7.000000 1.000392
8.000000 1.003297
9.000000 1.008831
10.000000 1.001935
11.000000 1.004505
12.000000 1.003518
13.000000 0.996372
14.000000 1.004069
15.000000 1.004285
5.000000 1.003035
1.000000 1.008474
2.000000 1.005642
3.000000 1.003922
4.000000 1.006090
6.000000 0.991639
7.000000 1.000608
9.000000 0.997168
10.000000 1.000369
12.000000 1.003271
13.000000 0.998869
14.000000 0.997032
15.000000 1.003894
16.000000 0.992600
17.000000 0.998873
2.000000 1.002758
3.000000 1.004370
4.000000 1.002331
5.000000 1.006108
6.000000 0.999722
7.000000 1.001946
8.000000 1.002952
9.000000 1.002432
10.000000 1.002988
2.000000 1.006447
1.000000 0.990825
2.000000 1.002322
3.000000 1.009726
5.000000 1.003274
6.000000 0.996394
8.000000 1.001449
9.000000 0.998691
10.000000 1.001749
11.000000 0.997084
12.000000 0.995716
1.000000 0.999206
2.000000 1.003627
3.000000 1.001769
4.000000 0.994718
5.000000 0.990468
6.000000 1.008301
7.000000 0.996058
8.000000 0.996025
9.000000 0.992270
10.000000 1.001197
12.000000 0.999643
13.000000 1.002774
3.000000 0.999852
16.000000 1.005486
2.000000 1.005060
2.000000 1.005299
5.000000 1.002945
8.000000 1.002114
1.000000 0.998286
2.000000 1.006488
3.000000 0.995510
4.000000 1.001119
5.000000 0.996887
6.000000 1.003360
7.000000 0.999931
9.000000 0.999727
10.000000 0.994200
11.000000 0.997613
12.000000 0.995610
1.000000 1.005138
3.000000 1.001428
4.000000 0.992222
6.000000 0.999186
7.000000 1.009146
8.000000 0.994306
9.000000 1.002895
10.000000 0.997272
11.000000 0.993818
12.000000 1.003748
13.000000 0.997163
1.000000 1.001980
2.000000 1.005972
3.000000 1.002333
4.000000 1.002081
5.000000 1.005128
6.000000 1.002869
7.000000 1.000734
8.000000 1.002846
9.000000 1.001980
10.000000 1.002418
11.000000 1.004562
12.000000 0.992149
5.000000 1.008019
2.000000 1.006063
8.000000 1.003396
5.000000 1.004237
8.000000 0.995353
1.000000 0.994085
2.000000 0.999238
3.000000 0.998868
4.000000 1.009868
5.000000 1.000047
6.000000 0.987449
7.000000 0.985213
1.000000 1.002051
2.000000 1.004980
3.000000 1.003505
5.000000 1.002747
6.000000 1.002333
7.000000 1.003595
8.000000 0.999548
9.000000 0.995603
10.000000 1.006176
11.000000 0.996310
12.000000 1.003184
14.000000 0.987480
15.000000 1.002497
16.000000 0.994565
8.000000 0.999439
1.000000 1.000328
2.000000 1.001414
3.000000 1.006609
4.000000 0.993230
5.000000 1.004234
6.000000 1.004987
7.000000 0.999439
9.000000 1.003824
10.000000 1.000129
11.000000 1.005111
1.000000 0.996874
2.000000 0.998612
3.000000 1.002867
4.000000 1.003940
5.000000 1.008134
6.000000 1.007875
7.000000 0.993604
8.000000 1.006882
10.000000 0.999280
11.000000 1.000044
12.000000 1.000109
13.000000 0.994513
14.000000 0.995718
1.000000 0.999342
2.000000 0.998894
3.000000 0.994800
4.000000 1.002276
5.000000 1.001645
6.000000 0.993252
7.000000 0.996304
8.000000 1.000062
9.000000 0.998585
10.000000 1.003800
11.000000 1.002277
12.000000 1.000364
13.000000 0.993575
14.000000 0.992279
15.000000 0.998428
16.000000 1.001415
17.000000 1.001796
18.000000 0.991376
1.000000 1.000761
3.000000 1.005281
1.000000 1.004719
2.000000 1.000502
3.000000 1.006014
4.000000 1.007558
5.000000 1.000164
6.000000 1.004388
7.000000 1.000591
8.000000 1.003272
9.000000 1.002337
10.000000 1.002149
11.000000 1.000829
12.000000 1.003303
13.000000 1.003420
14.000000 1.001654
15.000000 1.002461
16.000000 1.003880
17.000000 0.995254
18.000000 0.994810
9.000000 0.999220
3.000000 1.004755
1.000000 1.004779
8.000000 1.004237
10.000000 0.995966
2.000000 1.007410
3.000000 1.003648
4.000000 1.005347
6.000000 1.001041
7.000000 1.008019
9.000000 1.004590
11.000000 0.999159
12.000000 1.002506
6.000000 1.004069
11.000000 1.001121
12.000000 1.002731
2.000000 1.000289
1.000000 1.002735
2.000000 0.997560
5.000000 1.001885
6.000000 1.001662
10.000000 0.999743
13.000000 0.994835
4.000000 1.002297
6.000000 1.000042
9.000000 0.996934
2.000000 1.004927
3.000000 1.000712
6.000000 1.003085
7.000000 1.002814
10.000000 0.999442
13.000000 1.000804
15.000000 0.998817
3.000000 1.000516
4.000000 1.002827
5.000000 1.000043
6.000000 1.000690
8.000000 1.001287
10.000000 0.994835
11.000000 0.995450
2.000000 1.001534
7.000000 1.000151
9.000000 1.000545
10.000000 0.999183
12.000000 1.002270
1.000000 1.005366
3.000000 1.004289
6.000000 1.007691
9.000000 1.003854
10.000000 1.008012
12.000000 1.004414
15.000000 0.994841
2.000000 1.008770
5.000000 1.003359
6.000000 1.006804
7.000000 1.001389
11.000000 0.994249
10.000000 1.000392
1.000000 1.006447
2.000000 1.005948
3.000000 1.004614
4.000000 1.002945
5.000000 0.998678
6.000000 1.003890
7.000000 1.000159
8.000000 0.999684
10.000000 0.995589
11.000000 0.999237
12.000000 1.005834
13.000000 0.999678
1.000000 1.004895
2.000000 1.000339
3.000000 1.000187
5.000000 1.004348
6.000000 0.998550
7.000000 1.010517
8.000000 1.006006
9.000000 1.007886
6.000000 1.006176
1.000000 1.008489
2.000000 1.005091
3.000000 1.004415
4.000000 1.001894
5.000000 1.003035
6.000000 1.000155
7.000000 1.004577
8.000000 1.000846
9.000000 1.001607
10.000000 0.995440
11.000000 1.003781
13.000000 0.987211
1.000000 1.003096
4.000000 1.007941
7.000000 1.007997
8.000000 0.998133
1.000000 1.003283
6.000000 1.002116
9.000000 1.004421
10.000000 1.006609
11.000000 0.999257
12.000000 0.999329
15.000000 0.998305
18.000000 0.997301
5.000000 1.003176
11.000000 0.996293
7.000000 1.000270
2.000000 1.004925
3.000000 1.012613
7.000000 1.000928
12.000000 1.006509
13.000000 0.998750
14.000000 1.003192
15.000000 0.997263
4.000000 0.997263
1.000000 1.000289
6.000000 0.999520
7.000000 0.999886
8.000000 1.003692
11.000000 1.007954
13.000000 0.998459
14.000000 1.000637
1.000000 1.003711
2.000000 1.009582
4.000000 1.015933
6.000000 1.002682
9.000000 0.999954
10.000000 1.003550
1.000000 1.008901
2.000000 1.001041
3.000000 1.003803
4.000000 1.003707
5.000000 1.004237
7.000000 1.005060
8.000000 1.003660
9.000000 1.009635
11.000000 0.995353
8.000000 1.005834
3.000000 1.004669
1.000000 1.005788
4.000000 1.007853
6.000000 0.994138
15.000000 0.999793
1.000000 1.001300
2.000000 1.008878
4.000000 1.001796
5.000000 1.005299
6.000000 1.005570
7.000000 1.005281
8.000000 1.012204
9.000000 1.006515
10.000000 1.004739
11.000000 0.995946
7.000000 1.001980
2.000000 0.996529
4.000000 1.001886
4.000000 1.004794
6.000000 0.988268
9.000000 1.002206
1.000000 1.006060
2.000000 1.003711
4.000000 1.004082
6.000000 0.999332
8.000000 1.006167
3.000000 1.003597
2.000000 1.005838
3.000000 1.003934
4.000000 0.997222
5.000000 0.996708
6.000000 1.004454
8.000000 1.001219
9.000000 1.001135
10.000000 0.997555
2.000000 1.000511
3.000000 0.999873
4.000000 1.003890
6.000000 1.002918
7.000000 0.998758
8.000000 0.998760
9.000000 1.000278
10.000000 1.005562
13.000000 1.000671
14.000000 0.991551
12.000000 0.997312
4.000000 1.001793
5.000000 1.002912
9.000000 1.002047
1.000000 0.998859
3.000000 1.000761
4.000000 1.005470
3.000000 0.996207
5.000000 1.000826
7.000000 1.003710
8.000000 0.989207
9.000000 1.002916
10.000000 1.002462
12.000000 0.995921
6.000000 1.004590
8.000000 1.005948
1.000000 1.007047
2.000000 1.003787
4.000000 1.003865
6.000000 0.998788
8.000000 1.004689
9.000000 1.004669
12.000000 1.004441
16.000000 1.002130
3.000000 0.996530
6.000000 1.002843
7.000000 0.998304
9.000000 1.003117
10.000000 1.005095
11.000000 0.997647
1.000000 1.003787
2.000000 1.002039
3.000000 1.005618
4.000000 1.002484
7.000000 1.004755
8.000000 0.998626
10.000000 1.000380
11.000000 1.000067
13.000000 1.002912
15.000000 0.995679
16.000000 0.995277
2.000000 0.999554
6.000000 1.002122
7.000000 1.003933
11.000000 1.002814
15.000000 0.990328
6.000000 0.994498
18.000000 0.986549
12.000000 1.003888
10.000000 1.004234
1.000000 1.006176
1.000000 1.006297
13.000000 0.999454
1.000000 0.996332
2.000000 0.993425
4.000000 1.007191
6.000000 0.991926
11.000000 0.999221
13.000000 1.001083
1.000000 1.005520
3.000000 1.003668
5.000000 1.001307
7.000000 0.998835
8.000000 1.004826
2.000000 1.005347
6.000000 1.003824
6.000000 1.005111
6.000000 1.002434
7.000000 0.998424
9.000000 0.996962
10.000000 1.002011
2.000000 1.006063
3.000000 1.004537
4.000000 1.003095
5.000000 1.005060
6.000000 1.000958
8.000000 1.000547
10.000000 0.999220
12.000000 0.993437
13.000000 1.002114
14.000000 0.996148
1.000000 1.003891
8.000000 1.009542
2.000000 1.009542
11.000000 0.996148
6.000000 1.009542
5.000000 1.009542
5.000000 1.009542
13.000000 0.993575
4.000000 1.009542
2.000000 1.009542
3.000000 1.009542
2.000000 1.009542
13.000000 0.986549
3.000000 1.001886
7.000000 1.009542
10.000000 1.009542
3.000000 1.009542
16.000000 1.009542
8.000000 1.004289
13.000000 1.004289
4.000000 1.004289
1.000000 1.004289
3.000000 1.004289
